Mat:
52.501100 65.970500 85.783700 45.319000 75.952100 9.198490 25.066900 27.223000 25.738900 16.970400 8.738590 38.065400 44.422900 78.673800 36.772600 4.154360 
65.970500 47.181100 18.089800 62.563000 16.828700 97.760600 8.068130 70.109600 71.217000 34.895500 73.003200 89.451200 13.912000 23.462400 88.425300 83.491700 
85.783700 18.089800 3.820500 74.292400 36.088800 87.868800 33.084000 53.442900 40.769700 51.234800 36.763000 99.651900 13.423800 52.581200 47.660100 99.138300 
45.319000 62.563000 74.292400 9.332100 53.985000 74.452300 43.379200 4.431590 79.604400 26.515100 12.477500 61.140700 85.221200 23.486300 72.557200 53.177700 
75.952100 16.828700 36.088800 53.985000 9.058100 83.383900 73.901800 63.337000 35.894300 44.847800 83.163400 91.004300 23.266300 39.009800 1.027450 21.662500 
9.198490 97.760600 87.868800 74.452300 83.383900 1.733850 11.743200 28.451800 97.698800 96.395700 59.363900 10.399100 17.274300 89.671200 92.249100 79.603600 
25.066900 8.068130 33.084000 43.379200 73.901800 11.743200 33.618200 65.042600 3.537040 3.704410 62.765200 97.641600 40.816200 14.366300 7.820150 46.641900 
27.223000 70.109600 53.442900 4.431590 63.337000 28.451800 65.042600 39.271500 14.548200 99.202000 84.113800 51.378300 3.142930 26.106100 14.340600 38.934500 
25.738900 71.217000 40.769700 79.604400 35.894300 97.698800 3.537040 14.548200 68.856200 42.602100 58.825100 71.378100 42.792000 71.187900 55.722400 87.304700 
16.970400 34.895500 51.234800 26.515100 44.847800 96.395700 3.704410 99.202000 42.602100 24.517700 97.370800 29.462100 24.115400 42.458100 38.025800 19.675000 
8.738590 73.003200 36.763000 12.477500 83.163400 59.363900 62.765200 84.113800 58.825100 97.370800 33.174500 1.129560 9.752690 90.366500 42.842700 74.919200 
38.065400 89.451200 99.651900 61.140700 91.004300 10.399100 97.641600 51.378300 71.378100 29.462100 1.129560 46.261000 64.499600 39.181700 4.338400 92.585800 
44.422900 13.912000 13.423800 85.221200 23.266300 17.274300 40.816200 3.142930 42.792000 24.115400 9.752690 64.499600 56.285300 73.941400 8.994350 66.573300 
78.673800 23.462400 52.581200 23.486300 39.009800 89.671200 14.366300 26.106100 71.187900 42.458100 90.366500 39.181700 73.941400 90.873600 19.534800 22.008900 
36.772600 88.425300 47.660100 72.557200 1.027450 92.249100 7.820150 14.340600 55.722400 38.025800 42.842700 4.338400 8.994350 19.534800 72.484700 67.917900 
4.154360 83.491700 99.138300 53.177700 21.662500 79.603600 46.641900 38.934500 87.304700 19.675000 74.919200 92.585800 66.573300 22.008900 67.917900 78.724000 

Eigenvalues
-227.599796 -146.854978 -107.222804 -93.280892 -81.566283 -54.740626 -45.786556 5.014743 14.677633 18.264887 22.845387 79.143527 134.187734 174.545141 187.167779 788.898552 

Eigenvectors (stored columnwise)
-0.264307 0.355954 0.331252 -0.082659 0.358058 -0.473592 0.127437 -0.124858 0.099585 0.177412 -0.286186 -0.389878 0.035288 0.155602 0.029283 0.030640 
0.128844 -0.120123 -0.482088 0.368465 0.028492 -0.208759 0.023083 0.006177 -0.103081 0.319254 -0.257444 0.009847 -0.369621 0.259642 -0.019511 0.415324 
-0.243718 -0.107124 0.099300 0.356476 0.221638 -0.410039 -0.510534 0.168044 -0.109503 -0.260030 0.329723 0.214928 -0.046125 0.108623 0.176440 -0.080478 
-0.062801 -0.161833 -0.157807 -0.187589 0.326539 0.244661 -0.122507 0.549779 0.076735 -0.368861 -0.431767 -0.177372 0.120634 0.082464 0.142334 0.156779 
-0.066260 0.175097 0.191121 0.541964 -0.304447 0.126621 0.173110 0.285716 -0.013924 -0.287861 0.017728 -0.377835 -0.128804 0.081677 -0.401127 -0.063885 
0.248469 -0.356284 0.054888 -0.025983 -0.263314 -0.424764 0.161550 0.266094 0.607424 0.035679 0.080031 -0.137063 -0.040401 -0.140764 0.199974 -0.064112 
0.368538 -0.017895 -0.049843 0.029599 0.333192 -0.027580 -0.258383 -0.134960 0.028996 -0.042043 0.298491 -0.388443 0.147132 -0.404436 -0.303434 0.379295 
-0.004013 -0.091127 -0.094394 -0.078909 0.258976 0.059578 0.428785 -0.341375 0.067552 -0.518099 0.287712 -0.100910 -0.399014 0.183884 0.206015 0.064126 
-0.083035 0.305616 -0.478629 0.202986 0.315238 0.059833 -0.009367 -0.038315 0.464346 0.015321 -0.053802 0.144917 -0.034572 -0.197783 -0.180141 -0.460862 
0.161200 0.520391 -0.432099 -0.207419 -0.274475 -0.310738 0.071590 0.170198 -0.158089 -0.222527 0.212329 -0.049915 0.310071 0.168460 0.120339 0.079994 
-0.136554 -0.232945 -0.185702 0.370616 0.113077 0.061128 0.322214 -0.023954 -0.293311 0.172186 0.080175 -0.295926 0.422260 -0.202299 0.411108 -0.190817 
-0.625053 -0.241061 -0.192449 -0.094252 -0.114367 0.025595 0.063038 -0.084090 0.285826 0.055887 0.235058 0.003547 0.315638 0.190032 -0.316024 0.323734 
-0.347121 0.216244 0.027115 -0.023075 -0.038017 -0.082242 0.237730 0.239556 -0.093943 -0.028008 0.003611 0.232934 -0.265273 -0.665717 0.108106 0.346771 
0.083546 0.029779 0.081466 0.316462 -0.176762 -0.081384 -0.038061 -0.442365 0.178491 -0.406638 -0.443006 0.235889 0.343707 -0.116833 0.114427 0.237394 
-0.198633 0.225140 -0.074631 0.023860 -0.294102 0.305955 -0.445177 -0.171679 0.233914 0.099239 0.056692 -0.386444 -0.219921 -0.029525 0.470428 0.091110 
0.197710 0.282953 0.268155 0.248833 0.235289 0.303061 0.178145 0.214612 0.288582 0.223795 0.262576 0.278046 0.185021 0.252336 0.223761 0.307291 

Mat:
31.621900 76.048700 67.429500 38.322100 2.393300 78.757200 78.046000 58.932500 83.944500 67.519000 90.739000 40.544700 40.797600 89.562100 59.694300 50.109100 54.552200 53.648500 29.193100 36.044600 20.022300 29.735800 24.872800 27.544700 16.558100 32.405000 12.191400 85.787600 26.664300 92.223400 54.999400 40.062100 
76.048700 96.034800 27.452300 38.639000 81.189000 21.616300 4.118970 6.261380 77.573600 96.301000 13.291200 24.626400 53.065400 96.822000 70.984700 21.316800 9.269030 40.871000 34.733800 86.947000 95.111400 3.653790 3.600720 80.942900 87.089400 71.704400 25.562700 32.283400 50.553800 0.897582 35.127800 33.749300 
67.429500 27.452300 34.386200 25.219400 61.092200 47.762100 60.000900 6.337360 26.876100 25.063700 61.763600 66.060700 17.472100 38.950100 5.369950 86.832900 14.115600 24.412700 57.110100 97.749700 56.726400 1.275130 24.726500 32.875600 52.785700 44.184100 12.546300 21.549500 13.131900 90.159300 25.661800 59.191900 
38.322100 38.639000 25.219400 4.765880 48.047600 48.600800 60.207800 67.334400 21.427900 55.939800 27.468700 75.679800 55.153400 50.330800 35.885000 27.233800 86.387300 29.481300 74.818300 83.617300 12.280600 55.149200 74.212600 63.793600 13.439300 38.326000 38.116400 49.256500 47.800800 2.671260 71.065500 67.137500 
2.393300 81.189000 61.092200 48.047600 42.325000 92.689500 43.170400 46.725900 72.932700 48.174700 4.531060 14.668000 35.164700 89.597600 13.659200 41.170200 66.763000 6.465480 18.944700 81.932100 7.855490 37.476700 43.675300 91.741400 19.602900 58.631300 74.280300 46.117500 93.545000 74.423200 83.683000 46.487800 
78.757200 21.616300 47.762100 48.600800 92.689500 7.264800 55.151800 97.202600 99.592900 95.587000 67.725900 47.600300 3.868930 44.010100 63.689500 24.859900 56.210000 75.153400 48.257400 16.878700 10.403600 39.551500 47.552100 56.268300 94.841500 31.555200 42.304200 64.547300 74.970800 34.363500 53.017800 40.185800 
78.046000 4.118970 60.000900 60.207800 43.170400 55.151800 94.621300 63.743400 54.409700 15.897000 35.925500 90.813400 90.522500 19.156300 96.277100 70.462900 82.113500 76.849600 20.991500 18.151400 61.675400 5.396550 34.822600 60.985000 99.002700 4.283280 50.148700 1.930730 43.436100 26.683800 95.774000 43.687600 
58.932500 6.261380 6.337360 67.334400 46.725900 97.202600 63.743400 64.139800 42.711600 0.136643 39.641200 56.025200 87.479800 67.297200 93.227800 39.241800 0.239297 80.115700 30.921500 23.013100 20.093900 85.147200 64.390700 19.863000 10.110200 12.971600 67.923200 64.117100 9.427230 27.001900 91.643400 84.601900 
83.944500 77.573600 26.876100 21.427900 72.932700 99.592900 54.409700 42.711600 53.357100 84.136200 23.013500 21.528600 57.643900 74.613600 21.189200 56.226100 30.699700 86.217000 29.196200 95.244700 52.890200 67.297900 65.523900 67.970200 1.937270 73.022900 71.964100 59.371200 11.466600 82.960200 46.408900 47.224800 
67.519000 96.301000 25.063700 55.939800 48.174700 95.587000 15.897000 0.136643 84.136200 50.215500 20.749500 22.741500 31.614700 14.437100 63.024600 92.411800 46.667300 85.568700 22.141700 69.284300 67.418500 78.717200 56.366900 23.987100 1.025410 17.367100 78.221500 53.332900 85.635900 2.645830 84.953700 9.226100 
90.739000 13.291200 61.763600 27.468700 4.531060 67.725900 35.925500 39.641200 23.013500 20.749500 11.297100 55.350000 62.312200 83.695000 88.583700 8.650210 72.421500 55.538000 35.325300 53.179400 12.433000 24.712000 65.762900 66.157300 58.058500 20.522100 98.139400 92.511500 35.707600 75.578400 39.671100 7.746830 
40.544700 24.626400 66.060700 75.679800 14.668000 47.600300 90.813400 56.025200 21.528600 22.741500 55.350000 53.989000 10.065200 99.442200 87.609000 89.438800 51.435000 95.386200 12.448500 54.451800 3.243770 85.270800 66.341800 77.543100 89.510200 31.044400 62.914200 24.678500 54.460900 64.190800 29.012700 20.724000 
40.797600 53.065400 17.472100 55.153400 35.164700 3.868930 90.522500 87.479800 57.643900 31.614700 62.312200 10.065200 1.200410 28.171900 38.364700 54.184100 32.826600 75.082700 59.131100 62.845600 93.444100 36.674000 18.192900 37.013400 52.656800 94.423600 88.678800 43.739400 92.053600 88.057100 34.157300 66.990200 
89.562100 96.822000 38.950100 50.330800 89.597600 44.010100 19.156300 67.297200 74.613600 14.437100 83.695000 99.442200 28.171900 1.532180 65.910600 78.651500 59.411500 41.343200 70.261000 19.586500 31.627200 19.164500 77.352100 16.386400 46.689800 84.232100 67.999800 93.627900 67.321700 60.193900 81.673500 21.592800 
59.694300 70.984700 5.369950 35.885000 13.659200 63.689500 96.277100 93.227800 21.189200 63.024600 88.583700 87.609000 38.364700 65.910600 45.361700 56.306600 36.478700 96.016900 41.418100 28.622500 10.051400 20.826500 58.549300 89.028600 29.711700 20.400300 74.189400 88.932500 27.245500 53.100500 31.542100 11.276400 
50.109100 21.316800 86.832900 27.233800 41.170200 24.859900 70.462900 39.241800 56.226100 92.411800 8.650210 89.438800 54.184100 78.651500 56.306600 9.373060 23.156600 39.030700 49.272900 29.097400 64.549200 20.934100 72.816000 38.174200 48.238200 68.674600 62.112500 89.418000 60.458400 70.030600 31.569900 55.126500 
54.552200 9.269030 14.115600 86.387300 66.763000 56.210000 82.113500 0.239297 30.699700 46.667300 72.421500 51.435000 32.826600 59.411500 36.478700 23.156600 29.442400 13.167300 49.387100 10.138700 28.973500 59.692500 0.308803 85.748100 14.227500 4.454680 87.316600 60.910600 22.716200 46.189300 95.647900 89.805400 
53.648500 40.871000 24.412700 29.481300 6.465480 75.153400 76.849600 80.115700 86.217000 85.568700 55.538000 95.386200 75.082700 41.343200 96.016900 39.030700 13.167300 26.671100 28.371000 94.935400 44.948700 27.432200 25.309500 98.639800 98.657700 84.235100 94.951200 6.102100 12.047000 96.440400 15.927800 62.660300 
29.193100 34.733800 57.110100 74.818300 18.944700 48.257400 20.991500 30.921500 29.196200 22.141700 35.325300 12.448500 59.131100 70.261000 41.418100 49.272900 49.387100 28.371000 49.306300 4.626130 32.353200 49.344200 0.079804 85.922900 51.405100 98.763800 74.224200 29.858100 6.568240 93.681800 60.156800 7.740480 
36.044600 86.947000 97.749700 83.617300 81.932100 16.878700 18.151400 23.013100 95.244700 69.284300 53.179400 54.451800 62.845600 19.586500 28.622500 29.097400 10.138700 94.935400 4.626130 95.710500 50.689100 89.154500 49.247200 14.383100 41.403100 37.970900 15.458100 17.325100 45.022600 56.373600 32.325700 39.847100 
20.022300 95.111400 56.726400 12.280600 7.855490 10.403600 61.675400 20.093900 52.890200 67.418500 12.433000 3.243770 93.444100 31.627200 10.051400 64.549200 28.973500 44.948700 32.353200 50.689100 30.024900 64.150100 62.620800 11.967800 20.436100 92.867300 73.830700 39.541400 22.157700 67.870500 92.412400 82.114100 
29.735800 3.653790 1.275130 55.149200 37.476700 39.551500 5.396550 85.147200 67.297900 78.717200 24.712000 85.270800 36.674000 19.164500 20.826500 20.934100 59.692500 27.432200 49.344200 89.154500 64.150100 38.780700 87.597400 35.820700 96.594500 67.974700 9.880570 25.838800 94.834400 33.998000 41.486100 22.956900 
24.872800 3.600720 24.726500 74.212600 43.675300 47.552100 34.822600 64.390700 65.523900 56.366900 65.762900 66.341800 18.192900 77.352100 58.549300 72.816000 0.308803 25.309500 0.079804 49.247200 62.620800 87.597400 94.311500 70.455000 35.655200 70.204300 8.851880 10.199900 82.761100 3.391450 30.064800 10.434400 
27.544700 80.942900 32.875600 63.793600 91.741400 56.268300 60.985000 19.863000 67.970200 23.987100 66.157300 77.543100 37.013400 16.386400 89.028600 38.174200 85.748100 98.639800 85.922900 14.383100 11.967800 35.820700 70.455000 52.506400 49.064200 62.206600 64.597400 13.600000 33.546200 57.836400 12.343500 69.178000 
16.558100 87.089400 52.785700 13.439300 19.602900 94.841500 99.002700 10.110200 1.937270 1.025410 58.058500 89.510200 52.656800 46.689800 29.711700 48.238200 14.227500 98.657700 51.405100 41.403100 20.436100 96.594500 35.655200 49.064200 95.208200 28.528100 47.375100 62.866000 52.325000 77.070000 40.828100 9.852140 
32.405000 71.704400 44.184100 38.326000 58.631300 31.555200 4.283280 12.971600 73.022900 17.367100 20.522100 31.044400 94.423600 84.232100 20.400300 68.674600 4.454680 84.235100 98.763800 37.970900 92.867300 67.974700 70.204300 62.206600 28.528100 12.343200 86.673500 80.511400 69.996500 20.407000 57.289400 59.211700 
12.191400 25.562700 12.546300 38.116400 74.280300 42.304200 50.148700 67.923200 71.964100 78.221500 98.139400 62.914200 88.678800 67.999800 74.189400 62.112500 87.316600 94.951200 74.224200 15.458100 73.830700 9.880570 8.851880 64.597400 47.375100 86.673500 63.681100 48.100900 73.244700 4.456710 3.163210 42.878400 
85.787600 32.283400 21.549500 49.256500 46.117500 64.547300 1.930730 64.117100 59.371200 53.332900 92.511500 24.678500 43.739400 93.627900 88.932500 89.418000 60.910600 6.102100 29.858100 17.325100 39.541400 25.838800 10.199900 13.600000 62.866000 80.511400 48.100900 54.092200 30.810800 93.875700 4.987410 1.252880 
26.664300 50.553800 13.131900 47.800800 93.545000 74.970800 43.436100 9.427230 11.466600 85.635900 35.707600 54.460900 92.053600 67.321700 27.245500 60.458400 22.716200 12.047000 6.568240 45.022600 22.157700 94.834400 82.761100 33.546200 52.325000 69.996500 73.244700 30.810800 83.599800 81.124100 81.395900 68.700900 
92.223400 0.897582 90.159300 2.671260 74.423200 34.363500 26.683800 27.001900 82.960200 2.645830 75.578400 64.190800 88.057100 60.193900 53.100500 70.030600 46.189300 96.440400 93.681800 56.373600 67.870500 33.998000 3.391450 57.836400 77.070000 20.407000 4.456710 93.875700 81.124100 65.670300 34.053500 89.433400 
54.999400 35.127800 25.661800 71.065500 83.683000 53.017800 95.774000 91.643400 46.408900 84.953700 39.671100 29.012700 34.157300 81.673500 31.542100 31.569900 95.647900 15.927800 60.156800 32.325700 92.412400 41.486100 30.064800 12.343500 40.828100 57.289400 3.163210 4.987410 81.395900 34.053500 40.434800 25.157600 
40.062100 33.749300 59.191900 67.137500 46.487800 40.185800 43.687600 84.601900 47.224800 9.226100 7.746830 20.724000 66.990200 21.592800 11.276400 55.126500 89.805400 62.660300 7.740480 39.847100 82.114100 22.956900 10.434400 69.178000 9.852140 59.211700 42.878400 1.252880 68.700900 89.433400 25.157600 34.313800 

Eigenvalues
-299.992247 -258.837590 -216.091584 -200.494056 -188.479322 -182.524810 -166.307796 -152.194152 -128.892869 -112.540958 -104.912862 -73.346287 -59.635233 -18.374378 -3.308683 2.282680 18.742671 30.394113 45.073509 69.157975 83.205256 97.961473 107.853638 133.446531 156.587626 169.288699 180.668292 206.184596 214.648232 237.675208 294.724893 1585.620365 

Eigenvectors (stored columnwise)
0.082374 -0.218372 -0.047913 0.057482 0.169919 -0.270653 -0.100383 0.293073 0.209584 0.183349 0.142692 0.074159 -0.146089 -0.066414 0.096981 -0.044953 0.188336 -0.087550 0.079640 -0.012790 0.260518 -0.306654 -0.142506 -0.027059 0.273875 0.175794 -0.284316 -0.181047 0.200195 -0.126494 -0.287131 -0.103038 
0.123959 0.002945 0.050015 -0.046028 0.275734 -0.126543 -0.167077 -0.188894 0.132270 -0.259606 0.066307 0.130549 0.096199 -0.231480 0.055785 0.047721 -0.030016 0.373090 0.261335 -0.148490 0.100335 0.039253 0.072234 -0.177330 -0.043732 -0.349219 -0.109471 0.200471 0.128324 -0.393815 0.100877 0.115429 
0.137569 -0.352577 -0.006802 -0.200874 -0.001575 -0.015709 -0.079767 -0.135687 -0.032926 0.228792 -0.255677 0.142351 0.287388 0.317157 0.081360 -0.303162 -0.192867 -0.221542 0.071366 0.158755 0.069617 -0.106975 0.007343 0.252511 0.155392 -0.156073 0.008623 0.131697 -0.091034 -0.204950 0.067913 0.230360 
0.083247 -0.193532 0.126084 0.335742 -0.027221 0.136959 -0.222578 -0.135265 0.057445 -0.233548 -0.079632 -0.289698 0.115742 0.285665 0.234162 0.231321 -0.033650 0.088401 -0.273086 -0.074364 0.229594 0.173073 -0.241245 0.169197 0.069887 -0.133473 -0.004843 -0.226803 0.047367 -0.081523 -0.006981 -0.215773 
-0.037376 0.061314 0.296257 -0.171482 -0.316039 -0.045881 -0.070866 0.237755 0.021957 -0.119647 -0.413821 -0.102743 -0.008614 0.036139 -0.089952 -0.141837 0.387892 0.187250 0.010181 0.102968 -0.006746 -0.154522 0.144768 0.143000 -0.027925 -0.120362 0.053327 0.196035 0.297939 -0.044969 -0.001313 -0.281164 
-0.248616 -0.016808 0.007752 -0.028518 -0.022895 -0.084624 0.340413 0.057793 -0.072393 0.154164 0.224656 -0.183252 -0.189364 0.432724 -0.251576 -0.041088 -0.140265 0.252631 0.122377 -0.015529 0.107552 0.180406 -0.161420 0.136126 -0.181187 -0.167239 -0.216230 0.157179 0.131901 -0.122892 -0.230197 0.061794 
-0.170229 0.014468 0.419175 0.208219 0.002151 -0.400560 0.002034 -0.024629 0.248577 0.221982 -0.018213 -0.109549 0.033885 0.031699 0.172814 -0.314589 -0.076120 0.055441 -0.162667 -0.372817 -0.272851 0.141513 0.035924 -0.124521 0.122692 0.052891 0.056759 0.051324 -0.046814 0.076698 0.091053 0.103156 
0.262357 -0.077833 -0.111842 0.172131 -0.048430 -0.276702 0.062551 0.047113 0.042209 -0.126513 -0.060174 -0.124969 -0.541815 -0.156488 -0.063590 -0.016963 -0.338132 -0.057432 0.006448 0.119173 0.103796 -0.023371 -0.033541 0.206722 0.121462 -0.090711 0.368516 0.155364 0.155602 0.064911 0.190558 0.061702 
-0.363014 0.059423 0.042898 -0.068441 -0.374908 0.060124 -0.109363 0.059653 0.398721 -0.082706 0.295769 0.120890 0.065779 -0.095948 -0.006257 0.216824 -0.098889 -0.258855 -0.021360 0.066762 -0.113952 -0.103671 -0.204677 0.215360 0.009738 -0.059631 -0.119397 0.061644 0.153783 -0.161692 0.302992 0.113890 
-0.058637 0.064984 0.078169 0.308912 0.044415 0.187772 -0.018547 0.036721 0.018095 0.038368 0.012338 0.416003 0.144423 -0.162830 -0.257703 -0.306964 -0.221945 -0.050525 -0.115988 -0.237330 0.353097 -0.101747 -0.077863 0.131987 -0.191859 -0.090204 0.010420 0.158565 0.018236 0.168619 -0.048207 -0.295750 
0.207066 -0.016015 -0.007278 -0.093588 0.153215 -0.305295 -0.154763 0.212055 -0.209292 0.192317 0.140397 -0.036157 0.246775 -0.084077 -0.402389 0.281560 -0.001906 0.156249 -0.203743 -0.089721 -0.201337 0.028049 -0.018643 0.349882 0.079260 -0.000254 -0.056905 0.011280 -0.170660 -0.058222 0.203151 -0.173174 
0.134827 -0.118977 0.205292 -0.249116 0.067949 0.062994 0.110182 -0.059618 -0.146987 -0.112459 0.005605 0.088667 -0.115446 -0.189631 0.208753 -0.158147 -0.030009 0.041601 -0.174686 0.034240 0.007241 0.253547 -0.281151 0.151917 -0.222089 0.554820 -0.139881 0.164688 0.098994 -0.227548 0.100556 -0.053405 
-0.205537 -0.196482 -0.205754 0.278994 -0.063458 0.104368 -0.088887 -0.221363 -0.101789 0.037826 -0.020815 -0.051509 -0.094528 0.070282 -0.051037 -0.043526 0.027133 0.433620 -0.153466 0.092127 -0.023549 -0.419475 0.091374 -0.062792 0.109828 0.278539 -0.219639 0.217376 -0.042349 0.053772 0.294441 0.088173 
-0.390683 -0.003943 0.036038 -0.347915 0.212397 -0.079813 -0.228196 0.134845 -0.180431 0.069099 0.089820 0.017465 -0.235573 -0.000000 0.300907 -0.028621 0.086904 0.039107 -0.087097 0.013140 0.384110 0.073919 0.044711 0.066488 -0.015732 -0.213476 0.017990 -0.015143 -0.209731 0.249482 0.284204 -0.032702 
-0.200593 -0.083734 -0.297315 0.077309 0.225381 -0.281467 0.325519 -0.107971 0.226132 -0.079496 -0.254558 -0.053543 0.203582 -0.114799 0.208333 0.156795 0.034639 -0.131280 0.022691 0.174130 -0.084199 0.088833 -0.032126 0.101045 -0.053880 -0.047681 -0.169291 0.328431 -0.078410 0.171769 -0.047402 -0.328495 
-0.134537 0.044915 0.262238 0.188033 0.067448 0.243955 0.038092 0.120403 -0.271084 0.077171 0.061059 -0.398907 0.059568 -0.366776 0.090491 0.090663 -0.058060 -0.209479 -0.001977 0.026390 0.095180 -0.076672 0.171360 0.120585 0.207716 -0.052737 -0.068695 0.330696 -0.113977 -0.198307 -0.236226 0.155072 
0.032685 -0.066944 0.113459 0.050086 -0.016437 0.020413 -0.019631 0.035529 -0.229428 0.211797 0.062417 -0.168764 0.143442 -0.125205 0.285871 -0.023437 -0.344115 0.085137 0.416568 0.078394 -0.191714 -0.188669 0.003838 0.052053 -0.248563 -0.053527 -0.107767 -0.262300 0.299880 0.185681 0.168022 -0.224111 
-0.053981 0.108086 -0.019153 0.184880 -0.075162 0.000755 -0.209688 0.182996 -0.184750 0.237195 -0.486701 0.309051 -0.160847 -0.019661 0.109670 0.342566 -0.030565 0.063696 0.105442 -0.101450 -0.109539 0.114086 -0.357161 -0.043419 -0.043318 -0.044363 -0.116394 0.118231 0.005996 0.037383 -0.096329 0.257642 
0.253625 0.212236 -0.291791 -0.016486 -0.304828 -0.118056 -0.063876 -0.178633 -0.052334 0.022402 0.051694 -0.088231 0.041034 -0.117345 0.159730 -0.127896 0.141017 -0.027351 -0.098820 -0.254180 0.136110 0.143208 0.211124 0.317492 -0.047466 -0.062560 -0.389472 -0.000879 0.172958 0.237472 -0.064435 0.252220 
-0.018305 0.224842 -0.044090 0.249838 -0.021498 -0.354419 -0.098072 0.066317 -0.384441 -0.158633 0.259113 0.128906 0.215935 0.123723 0.159229 -0.160862 0.110993 -0.098032 -0.231587 0.388191 -0.041834 -0.066641 -0.152980 -0.167258 -0.111941 -0.095461 0.116127 0.103783 0.165477 -0.073367 -0.060188 0.093076 
0.033027 -0.281760 0.068816 0.164437 -0.352195 -0.093740 -0.079390 -0.338129 -0.034658 0.373339 0.190174 0.043488 -0.052371 -0.217406 -0.070919 0.034606 0.346887 0.001932 0.236429 0.173719 0.133872 0.270626 -0.070608 -0.069015 -0.068105 -0.049079 0.154499 0.062170 -0.166121 -0.040390 0.007773 -0.167382 
-0.047283 -0.189832 0.106649 -0.208010 0.113384 -0.011854 0.115274 -0.312953 0.001736 0.244475 0.030082 0.098229 -0.016786 -0.080342 0.054966 0.331997 0.030817 0.015178 -0.408216 -0.101308 -0.022388 -0.269382 0.083367 0.018115 -0.201797 -0.113399 0.264025 0.016515 0.365529 0.076758 -0.241059 0.113805 
0.040826 0.115723 0.302207 0.162314 -0.079541 -0.282797 0.140082 -0.116343 -0.061377 -0.128677 -0.056626 0.205041 -0.153616 0.208795 0.075920 0.271706 -0.021075 -0.155415 0.120063 -0.033663 0.156932 -0.235754 0.359822 0.151046 -0.284294 0.146448 -0.130281 -0.122300 -0.303119 -0.186402 0.040281 -0.019003 
-0.073343 -0.267659 0.042307 0.139964 0.184612 0.049755 -0.365125 0.127950 0.217723 -0.170830 0.079964 0.019861 -0.088553 -0.054042 -0.041776 -0.127646 0.065149 0.105021 0.047452 0.228418 -0.269612 0.075890 0.146781 0.323429 -0.362396 0.020205 0.024386 -0.035013 -0.131088 0.166284 -0.314568 0.227004 
0.094273 -0.286105 -0.090986 -0.093259 -0.343356 -0.112543 -0.004704 0.418997 0.114695 -0.009370 0.000496 -0.090922 0.256456 -0.042133 0.065973 0.151117 -0.281389 0.131633 -0.132812 -0.001088 0.276464 0.077486 0.180063 -0.352310 -0.242600 0.118351 0.037761 0.133685 -0.098895 0.045825 -0.049909 0.101189 
0.330715 0.120694 0.116388 0.050500 0.044473 0.153050 0.262221 0.112224 0.242099 0.215261 -0.034998 -0.100459 -0.110440 -0.121596 0.068759 -0.107258 0.119182 0.082674 -0.275443 0.253335 -0.024722 -0.180937 -0.206021 -0.080230 -0.237083 -0.345807 -0.225666 -0.097523 -0.268419 -0.029785 0.177249 0.099145 
-0.185071 0.288257 -0.288676 -0.017202 -0.113505 -0.051435 0.067848 0.013439 0.094757 0.147417 -0.072165 -0.034295 0.116432 -0.156045 0.229840 -0.115283 -0.059942 0.352206 0.011250 -0.029196 0.078548 -0.120977 -0.079351 0.290402 -0.033813 0.109149 0.381660 -0.217769 -0.197853 -0.345047 -0.181571 -0.014975 
-0.211632 -0.238531 0.120263 0.095616 0.026669 -0.138259 0.358447 0.033883 -0.139116 -0.229173 -0.184286 0.005785 0.229361 -0.256744 -0.230563 -0.029247 0.163898 0.053824 0.070455 0.018584 0.190213 0.035427 -0.138086 0.087212 0.049951 -0.004312 0.011074 -0.387744 0.076189 0.117790 0.151220 0.390046 
0.044794 -0.071974 -0.216233 0.110374 0.166667 0.044598 -0.037497 0.134017 -0.003057 0.039376 0.011379 -0.285343 0.051533 0.142335 -0.001090 -0.028273 0.342404 -0.266335 0.173719 -0.402832 0.034408 -0.171163 -0.153451 -0.000316 -0.403720 0.080632 0.231490 0.173541 0.039112 -0.107283 0.255260 0.108943 
0.138872 0.188995 0.235972 -0.226697 -0.049538 -0.137149 -0.126194 -0.226921 0.091269 -0.146530 0.061439 -0.189773 0.145069 0.032640 -0.070239 0.064550 -0.056685 0.089355 0.210313 0.016794 0.152393 -0.300909 -0.423981 0.008135 0.035626 0.134720 0.054681 0.192862 -0.215769 0.382637 -0.189613 0.102998 
0.109903 -0.304459 -0.011202 -0.019909 -0.210814 0.090120 0.284974 0.174828 -0.187693 -0.257357 0.251035 0.254123 -0.056503 0.028598 0.300121 -0.006193 0.123775 0.127496 0.055944 -0.300663 -0.267027 -0.153046 -0.103219 0.112620 0.175285 -0.213239 0.073744 0.113184 -0.213997 0.096524 -0.097713 -0.070098 
0.178340 0.167890 0.143271 0.163943 0.178178 0.187849 0.185762 0.171824 0.198249 0.175215 0.169948 0.189121 0.183551 0.200064 0.183862 0.181709 0.158420 0.203094 0.152086 0.171798 0.159057 0.161428 0.161240 0.186202 0.173554 0.182021 0.194189 0.168210 0.185298 0.196477 0.172230 0.153205 

Mat:
84.523000 11.236300 66.091300 20.590100 16.061000 33.987600 38.199600 87.221200 49.604800 12.549800 32.839100 25.605500 6.954950 31.295300 27.706300 87.230500 88.186300 0.840943 49.866500 69.011300 93.294400 44.571600 40.184600 49.106700 87.829400 48.549800 88.571600 11.830300 27.584700 34.742300 26.075200 32.704100 68.090700 84.715200 80.980600 80.963500 65.273000 60.752200 65.039000 26.450500 77.413600 79.552800 68.318300 26.158800 70.597600 36.965200 28.782100 4.594150 45.390600 34.411900 36.037000 76.158500 94.099500 94.236600 84.907900 97.751200 76.530300 84.100500 84.031200 79.030400 30.397400 31.743200 16.668200 37.062800 44.236300 49.822200 48.094500 44.853900 60.763600 14.980700 68.568400 82.504700 85.549300 46.980600 35.279100 47.607400 61.603800 66.117800 9.240270 47.383200 58.271800 91.307500 78.957700 88.131600 78.809100 69.008100 55.825600 50.571800 93.995600 61.246300 74.515000 81.670000 18.469000 3.187240 32.390400 58.160000 8.374170 50.028300 58.420200 33.669500 16.685900 31.365000 76.320200 47.744500 52.400000 40.282400 24.504300 1.761200 74.712000 66.726000 54.999700 71.544100 64.379000 66.676100 5.925690 7.104960 96.993200 43.486900 44.034700 93.760000 42.868300 91.974400 86.385900 7.110100 62.593100 36.396400 33.389500 15.221500 
11.236300 36.388200 21.133700 52.592000 53.982600 10.850000 57.823300 59.628300 88.194000 49.759500 24.378500 64.839400 81.042900 30.060900 70.587600 8.185750 78.499500 51.390100 55.950900 75.168200 51.192900 58.764700 30.439200 83.847500 17.933500 31.779900 92.423100 57.919200 96.454700 71.002700 66.766900 41.998100 64.313500 99.908400 45.071800 96.088900 11.676400 23.542600 33.777200 53.837800 13.842300 95.001300 41.527900 75.111100 25.212500 26.312300 21.592000 17.100500 51.339400 96.413200 32.224100 76.962400 79.204300 53.561700 37.510100 81.575200 75.290500 91.303800 37.726000 71.099900 68.586200 45.508700 58.672200 74.100900 68.598500 58.312500 78.761400 49.481200 79.600200 7.436430 32.715700 25.253300 86.090900 6.399310 32.998900 6.205210 1.156460 79.483500 51.886100 52.455800 73.872200 86.514200 26.363900 69.775200 98.764100 26.621000 33.555000 42.059300 66.812200 34.207100 13.948200 43.028600 42.194800 4.025610 71.010600 11.373800 46.178900 7.616990 37.745100 21.060600 41.760300 92.956900 62.840500 47.382100 30.947800 45.198800 44.886200 9.886600 21.402600 64.549400 97.445800 63.729200 54.783700 35.839100 87.833700 5.285560 23.070900 89.923100 40.525400 59.131300 79.117700 31.301000 82.907700 32.159400 34.705900 26.024000 46.752400 27.105800 
66.091300 21.133700 17.484000 84.072200 49.232500 43.458600 91.984100 76.177400 16.210000 48.969900 66.860400 69.645800 27.336100 92.875400 15.432200 79.590500 72.476000 22.020600 0.707066 47.212100 59.390800 40.537200 36.418100 8.074830 57.956600 6.172080 17.848000 57.425000 35.702400 63.006500 80.975400 14.961200 28.021700 50.882700 57.301800 4.269080 98.500700 45.640500 46.767000 84.473400 65.103700 1.477990 88.898900 12.493000 69.364000 16.036200 58.132700 90.428600 35.057100 85.177200 45.287100 28.802600 73.750300 99.544000 4.028110 65.842700 10.097700 94.581100 31.499800 76.157100 79.628100 37.931400 33.064500 63.250600 68.231400 19.882200 44.944800 89.694800 88.901700 99.698600 15.018400 0.457428 4.847810 7.154000 92.444400 81.730500 30.049800 67.733500 13.856700 94.671200 93.223200 95.790400 62.491200 4.612830 92.264100 77.120600 52.623800 55.607300 23.965000 2.828070 65.360000 36.914800 98.370500 35.409900 70.242900 25.296000 38.539700 16.246000 28.347900 34.043400 69.077300 15.013300 29.996700 23.439100 15.028800 85.010100 20.993600 17.853100 62.464500 26.729400 85.896300 21.430600 42.422300 78.881100 90.534400 86.533700 68.878200 63.757800 67.525400 98.419400 31.649000 80.814000 68.376000 48.929800 29.887700 36.617100 95.311800 51.687000 
20.590100 52.592000 84.072200 58.147300 25.382700 42.305300 14.702000 12.320100 93.826700 28.535800 60.319700 97.211600 31.648900 67.687700 21.417200 75.403900 39.245200 58.381600 2.482760 56.898400 52.351100 19.814800 12.831600 25.356400 16.353000 84.852100 7.214000 64.888500 77.816000 85.354200 59.399700 69.204800 54.063600 42.675500 29.226200 93.434400 0.246237 62.145100 16.743500 25.907400 13.628900 18.166200 66.414500 10.496400 87.150900 1.747100 26.471600 76.099400 99.950500 65.291800 0.692793 0.129575 9.526410 74.598300 87.312800 27.658100 86.135300 57.194000 1.327940 14.790200 27.514300 12.957100 57.469400 21.413000 85.450300 8.500850 51.500600 16.781900 87.863700 18.755800 71.253300 70.874300 35.788900 92.203600 44.223900 35.334300 51.573800 43.122300 52.121400 62.062200 51.066900 15.909800 78.315200 32.807300 28.524100 96.462900 66.419800 88.091300 26.976600 24.684300 24.909300 95.749800 12.152100 30.877200 69.306300 50.597600 78.128800 69.672400 39.460700 96.650700 30.341800 1.321750 4.119430 15.368700 34.674900 25.136700 29.378700 56.279600 40.254000 59.287400 53.224600 46.820500 95.307500 94.301600 77.427200 7.337110 15.586300 13.854700 13.327300 63.236100 79.084900 53.820000 39.925100 73.438800 45.043300 8.528880 52.415600 96.969900 
16.061000 53.982600 49.232500 25.382700 84.455600 3.273320 80.434600 32.389500 88.041800 21.957200 84.915800 85.502800 87.100200 26.255900 82.578900 21.210400 59.578000 11.501800 75.873300 20.763200 49.237800 12.845300 40.754800 99.928900 73.232400 45.072100 67.590900 18.232000 7.771000 12.151600 16.770400 62.522700 11.363300 41.031400 59.138200 8.157680 5.100260 50.029200 88.215900 25.250800 94.883600 24.715400 36.470200 41.085000 7.817620 53.118500 21.690600 65.340200 43.852000 61.344000 81.322200 11.867500 12.978000 38.505600 73.908700 83.664200 17.935200 1.644130 0.688000 69.257800 90.812700 33.571200 20.748600 32.796200 32.794800 3.933170 58.507900 54.993900 95.426100 98.382500 20.081200 46.683700 14.628000 72.580200 52.660100 39.718100 38.761300 79.099800 82.256100 36.319800 49.129400 59.352800 64.536800 72.729800 22.569900 49.190000 57.103500 59.834000 4.102740 20.501800 73.988300 43.663500 19.509300 88.196200 55.699200 88.215400 90.164200 73.624300 2.229400 9.915240 81.755400 82.503500 63.591000 39.055500 0.429096 95.990100 13.806400 86.952500 19.557200 71.372000 16.398900 90.596200 49.560100 61.442900 88.550800 38.719600 81.072000 82.685100 98.553600 58.659300 12.603700 59.639000 76.533800 23.607500 32.214700 78.159500 31.403700 77.095000 
33.987600 10.850000 43.458600 42.305300 3.273320 29.704000 29.910400 45.395100 46.158400 97.366400 55.869400 15.802500 17.089700 35.289300 12.372100 62.377300 12.912400 32.640800 5.917310 88.495500 9.694050 15.183600 59.497300 66.584900 10.612900 35.819400 78.017700 59.441300 22.853100 74.982700 44.477400 47.957200 12.399900 86.055200 28.823300 10.145000 87.672100 41.491200 72.684500 90.349900 41.193600 5.454530 87.789700 15.247000 50.133900 23.978600 20.798600 37.390500 12.727700 47.645600 24.816100 67.816000 64.523900 16.987700 37.376100 58.722200 70.803900 92.404300 13.033300 45.620000 57.005600 1.735740 75.241100 76.788100 68.822000 74.360400 97.335500 60.824800 84.501400 36.213400 14.321400 60.569400 11.550800 53.690900 41.166600 11.998400 86.334800 9.838300 30.675100 97.355100 59.475200 90.981800 30.516500 87.131400 12.448600 70.108500 28.728200 72.104400 0.746967 31.402300 31.137400 86.701100 76.180000 41.108800 66.676800 1.307220 68.283500 43.504500 66.776200 77.690100 3.847000 48.601600 13.893200 93.720800 31.561000 59.568800 51.464600 51.069600 56.270500 51.174900 32.051300 66.732500 41.609300 85.890800 68.650100 24.086200 51.257500 29.663300 52.313600 9.826600 87.036700 75.587400 4.176800 70.849300 49.478500 96.457200 74.492100 42.479900 
38.199600 57.823300 91.984100 14.702000 80.434600 29.910400 76.473800 68.809400 56.659200 81.622100 48.839500 46.341500 11.224700 24.492600 30.526800 34.675400 3.371660 80.330500 39.022800 41.024100 47.448300 36.120800 99.315100 75.987900 85.680600 54.105500 15.090000 58.040400 11.258000 5.611400 90.287800 80.355500 51.650600 50.893300 80.626000 48.845500 96.411400 81.725200 27.570000 52.691600 35.234800 32.529200 8.339340 64.121300 8.250730 32.813400 16.013900 66.407600 44.577200 88.434600 71.138000 81.128900 44.305500 34.088100 84.127300 20.593500 85.371700 54.095800 75.717600 54.856800 20.187300 99.689900 41.247600 8.904180 87.794100 10.982400 98.659200 79.559400 93.612300 26.792900 63.089300 67.477800 97.194900 40.202500 24.767300 21.056800 5.156460 26.008900 15.658300 81.587900 82.409900 81.873200 17.417500 99.145200 46.213300 66.481800 40.040500 51.467900 36.940400 45.642500 73.284700 1.559150 30.507500 56.414300 94.483300 48.787200 44.742200 65.959600 63.091000 80.870400 95.229900 29.572700 78.838300 78.880700 51.783800 40.506500 96.230600 9.050620 76.116500 25.866600 14.209000 69.601800 77.851300 14.132600 60.179900 2.818670 45.846500 85.431000 62.614600 18.440000 78.758800 74.049100 67.813800 2.274060 71.525300 63.558600 50.140600 47.040300 
87.221200 59.628300 76.177400 12.320100 32.389500 45.395100 68.809400 77.892700 94.801800 18.766200 26.249100 45.374300 82.424600 21.622300 99.545900 81.876200 22.206400 73.953100 63.311800 22.699700 73.670800 92.919800 58.585200 8.364770 70.082800 87.082300 39.337800 22.867200 7.677980 47.236100 7.201010 81.699300 5.905230 37.776800 44.982900 92.524800 86.869800 63.174600 83.139600 24.205400 63.928500 47.611700 40.884100 85.864100 25.485000 14.627200 61.637600 79.586500 86.983300 54.146700 55.710800 98.365200 39.911200 6.041950 33.053300 56.315100 54.827100 7.566940 70.681300 8.120030 18.791400 28.610200 72.409800 91.495700 22.327800 38.491500 85.220900 11.045700 42.306700 40.895200 84.414000 42.734800 84.549200 42.600300 66.579100 75.460800 56.463300 46.357000 7.552770 9.606410 28.489600 18.605300 13.017600 38.336700 44.381700 11.724000 66.366000 3.877470 75.282300 53.979600 77.723100 47.179900 85.910300 36.599600 2.552080 96.999200 96.013000 58.319400 96.700500 93.722900 37.345700 85.695600 40.689000 0.435056 14.706100 41.052900 43.687000 39.086600 92.127900 82.834200 7.007480 77.283800 80.737400 90.702700 38.157700 76.663700 77.606000 64.871600 41.458300 1.990770 16.800700 70.709300 79.006100 36.833400 14.736000 34.682900 50.886800 32.321900 
49.604800 88.194000 16.210000 93.826700 88.041800 46.158400 56.659200 94.801800 92.046800 47.677100 83.501300 66.515500 17.015200 38.639200 70.897600 76.137600 67.577600 14.901900 34.364500 31.013700 13.084000 18.219500 95.387900 29.288600 19.094800 77.762400 61.376300 22.120400 66.658400 41.194100 19.592300 54.166700 21.044100 0.446735 75.018100 44.804100 3.612500 16.803400 37.660400 28.771500 43.141500 7.140200 2.719990 40.708400 86.623100 75.701400 44.489600 54.156500 18.334300 65.781000 91.370600 76.777200 90.270700 60.177000 61.909500 47.797200 70.247400 28.946800 54.484000 8.115730 25.046500 3.185190 6.132350 84.260200 16.714100 90.278900 7.599380 22.445600 17.083300 93.128400 46.835300 88.885000 31.447600 95.958100 46.142800 30.985300 65.710300 96.220600 5.476770 59.948700 39.833200 76.562600 17.308700 33.762400 60.843600 35.015000 31.932900 2.365380 7.448410 89.453500 22.054600 68.691600 27.279200 13.329700 61.586800 84.687900 10.596700 69.024100 14.554700 90.134000 3.575310 6.268530 94.258600 47.491000 16.353500 94.893200 77.604600 66.328600 69.264900 85.674300 5.571790 23.896100 82.568200 46.108200 70.377400 70.211800 47.083800 34.341900 60.053900 45.605700 38.476600 90.660200 70.265900 87.245700 73.177400 87.875700 11.561800 43.282700 
12.549800 49.759500 48.969900 28.535800 21.957200 97.366400 81.622100 18.766200 47.677100 89.251700 83.795900 47.029200 80.278800 25.664800 92.596800 48.076200 75.328300 1.792360 65.083300 15.489600 57.964500 93.987600 14.888000 23.822000 61.201600 34.073000 65.680000 14.615400 71.305200 24.765700 36.070400 22.450800 12.299600 78.898500 21.395600 15.757900 70.376800 5.818700 16.335800 64.930700 65.072500 63.751200 30.163600 79.991400 58.528000 51.476400 26.678600 24.199400 62.443700 34.852700 71.710300 40.099600 89.593300 54.021000 78.458200 62.560100 56.823300 26.591600 40.855100 8.671010 94.927000 68.119200 62.605900 53.459700 49.074500 23.488200 47.968500 39.370500 83.036600 76.403900 83.626600 65.694500 69.428800 12.234400 64.011200 81.958600 65.020500 79.916900 85.786800 97.617900 66.752700 66.463300 21.050100 60.335400 9.453160 64.900900 39.172800 16.362300 94.286600 33.262100 22.961300 96.651300 99.166100 80.657600 39.499100 5.259500 54.630600 70.605900 43.171800 53.323500 60.153200 77.936400 63.751800 19.585000 69.214700 68.372500 45.371600 93.832200 87.683100 16.571700 17.969600 42.359000 47.583100 83.035700 57.976300 62.098900 4.691250 62.173800 25.494700 51.316200 87.913200 13.350200 95.927300 0.319925 49.495300 70.765100 31.702500 62.866700 
32.839100 24.378500 66.860400 60.319700 84.915800 55.869400 48.839500 26.249100 83.501300 83.795900 5.787480 22.931200 38.395500 90.051200 94.592300 46.405900 26.389700 40.568200 72.185500 59.090500 46.371300 70.524400 13.612900 60.965500 55.743300 66.100900 68.260200 13.893200 70.012900 88.107800 8.876080 40.404700 2.955080 99.128100 77.432500 51.162900 58.549600 54.581700 80.396700 99.233300 72.256000 39.743100 68.775800 27.866200 20.609700 74.693500 37.833000 81.497000 22.039800 65.194800 17.093000 4.031420 66.355200 51.385400 32.297500 59.746700 72.738500 23.633100 28.636400 95.497900 41.191300 66.064400 83.638200 85.267300 48.641900 62.647100 12.933100 56.831500 64.805000 36.510400 36.111500 97.265700 73.764200 0.240241 60.847900 22.584500 20.618900 60.726200 98.110200 84.556800 45.925800 47.010000 53.653500 36.936300 44.096800 90.962600 95.090700 2.681740 22.568900 51.438200 7.859590 96.850100 8.988990 50.296000 50.630100 98.645400 8.384420 90.722200 92.555200 58.789200 42.438900 89.281100 12.981500 28.113000 58.695700 23.426300 34.798700 47.254100 82.950900 92.866900 19.819300 96.444700 18.891100 38.625900 8.286420 96.713200 64.048800 13.336800 26.266500 74.299100 50.836700 87.694100 87.245000 60.588000 95.290500 48.800700 67.459600 85.527100 
